1744077773273 88.00755429650614 0
1744077773362 91.5014164305949 1
1744077773452 91.5014164305949 2
1744077773541 92.16241737488197 3
1744077773631 94.23984891406988 4
1744077773719 96.97828139754485 5
1744077773805 97.63928234183192 6
1744077773894 97.63928234183192 7
1744077773983 98.30028328611898 8
1744077774073 99.05571293673276 9
1744077774161 98.7724268177526 10
1744077774254 99.05571293673276 11
1744077774348 99.15014164305948 12
1744077774439 99.52785646836638 13
1744077774532 99.6222851746931 14
1744077774627 99.52785646836638 15
1744077774720 99.43342776203966 16
1744077774813 99.43342776203966 17
1744077774904 99.52785646836638 18
1744077774997 100.0 19
1744077775093 99.71671388101983 20
1744077775186 99.05571293673276 21
1744077775281 99.90557129367328 22
1744077775376 99.81114258734655 23
1744077775470 99.81114258734655 24
1744077775564 99.90557129367328 25
1744077775658 99.90557129367328 26
1744077775751 99.90557129367328 27
1744077775846 99.81114258734655 28
1744077775943 99.90557129367328 29
1744077776037 99.71671388101983 30
1744077776132 99.90557129367328 31
1744077776225 99.90557129367328 32
1744077776320 99.71671388101983 33
1744077776420 99.71671388101983 34
1744077776517 99.6222851746931 35
1744077776612 99.6222851746931 36
1744077776712 99.81114258734655 37
1744077776806 99.43342776203966 38
1744077776903 99.33899905571293 39
1744077776997 99.6222851746931 40
1744077777096 99.6222851746931 41
1744077777191 99.6222851746931 42
1744077777285 99.6222851746931 43
1744077777381 99.90557129367328 44
1744077777478 99.90557129367328 45
1744077777574 99.81114258734655 46
1744077777670 99.81114258734655 47
1744077777764 99.71671388101983 48
1744077777860 100.0 49
