1744077773271 0.41246452160617886 0
1744077773360 0.24713626657338703 1
1744077773450 0.1956566320184399 2
1744077773540 0.1524879890767967 3
1744077773629 0.11591375005595825 4
1744077773717 0.08907497074345455 5
1744077773803 0.06330423698361354 6
1744077773892 0.05822078522075625 7
1744077773981 0.046062449548010004 8
1744077774072 0.027690959592147003 9
1744077774159 0.032741893704309515 10
1744077774252 0.03413240951254813 11
1744077774346 0.02455671680061128 12
1744077774437 0.01485607894959257 13
1744077774531 0.012355506040073712 14
1744077774625 0.013063875297431797 15
1744077774718 0.021112258926002464 16
1744077774811 0.012915589983081458 17
1744077774902 0.01734194604025962 18
1744077774995 0.003640568609625916 19
1744077775091 0.006176432558544655 20
1744077775184 0.02324439744666135 21
1744077775279 0.0049990046810735825 22
1744077775374 0.0060171425524298255 23
1744077775469 0.006241499863001402 24
1744077775562 0.0036778871322854577 25
1744077775657 0.00503516582894543 26
1744077775749 0.00395553284205535 27
1744077775845 0.005498384318900327 28
1744077775942 0.006371802070475496 29
1744077776035 0.00935038078970298 30
1744077776130 0.00406951371199264 31
1744077776224 0.002152627654836207 32
1744077776318 0.01191070229988862 33
1744077776418 0.009093274623450377 34
1744077776515 0.0073028347665325885 35
1744077776611 0.006435591388776964 36
1744077776710 0.005545867872890941 37
1744077776805 0.01139404744813031 38
1744077776901 0.01739141553223496 39
1744077776996 0.006962102052565409 40
1744077777095 0.006589017869961989 41
1744077777189 0.010607897565468165 42
1744077777283 0.0130391970203752 43
1744077777379 0.004028314105179852 44
1744077777476 0.003287536285789163 45
1744077777572 0.004230820014393377 46
1744077777668 0.006750375549338916 47
1744077777762 0.0033360320749927525 48
1744077777858 0.0021867913162890652 49
