1743556013535 0.0 0
1743556013547 0.0 1
1743556013555 0.0 2
1743556013565 0.0 3
1743556013574 0.0 4
1743556013583 0.0 5
1743556013592 0.0 6
1743556013602 0.0 7
1743556013611 0.0 8
1743556013620 0.0 9
1743556013629 0.0 10
1743556013638 0.0 11
1743556013647 0.0 12
1743556013656 0.0 13
1743556013665 0.0 14
1743556013674 0.0 15
1743556013683 0.0 16
1743556013692 0.0 17
1743556013701 0.0 18
1743556013709 0.0 19
1743556013719 0.0 20
1743556013727 0.0 21
1743556013736 0.0 22
1743556013745 0.0 23
1743556013754 0.0 24
1743556013762 0.0 25
1743556013772 0.0 26
1743556013781 0.0 27
1743556013790 0.0 28
1743556013799 0.0 29
1743556013807 0.0 30
1743556013816 0.0 31
1743556013826 0.0 32
1743556013834 0.0 33
1743556013843 0.0 34
1743556013851 0.0 35
1743556013859 0.0 36
1743556013868 0.0 37
1743556013877 0.0 38
1743556013886 0.0 39
1743556013894 0.0 40
1743556013903 0.0 41
1743556013911 0.0 42
1743556013920 0.0 43
1743556013928 0.0 44
1743556013937 0.0 45
1743556013945 0.0 46
1743556013953 0.0 47
1743556013961 0.0 48
1743556013970 0.0 49
