1743556013536 100.0 0
1743556013548 100.0 1
1743556013557 100.0 2
1743556013566 100.0 3
1743556013575 100.0 4
1743556013585 100.0 5
1743556013594 100.0 6
1743556013603 100.0 7
1743556013612 100.0 8
1743556013621 100.0 9
1743556013630 100.0 10
1743556013639 100.0 11
1743556013648 100.0 12
1743556013658 100.0 13
1743556013667 100.0 14
1743556013675 100.0 15
1743556013685 100.0 16
1743556013694 100.0 17
1743556013702 100.0 18
1743556013711 100.0 19
1743556013720 100.0 20
1743556013729 100.0 21
1743556013737 100.0 22
1743556013746 100.0 23
1743556013755 100.0 24
1743556013764 100.0 25
1743556013773 100.0 26
1743556013782 100.0 27
1743556013791 100.0 28
1743556013800 100.0 29
1743556013809 100.0 30
1743556013818 100.0 31
1743556013827 100.0 32
1743556013835 100.0 33
1743556013844 100.0 34
1743556013852 100.0 35
1743556013861 100.0 36
1743556013869 100.0 37
1743556013878 100.0 38
1743556013887 100.0 39
1743556013895 100.0 40
1743556013904 100.0 41
1743556013913 100.0 42
1743556013921 100.0 43
1743556013929 100.0 44
1743556013938 100.0 45
1743556013946 100.0 46
1743556013955 100.0 47
1743556013963 100.0 48
1743556013972 100.0 49
