1743555988757 1.3325011730194092 0
1743555988772 1.2885836362838745 1
1743555988784 1.284968376159668 2
1743555988794 1.2116528749465942 3
1743555988806 1.2222822904586792 4
1743555988816 1.2069928646087646 5
1743555988826 1.1887540817260742 6
1743555988837 1.1026591062545776 7
1743555988847 1.0865681171417236 8
1743555988858 1.0469043254852295 9
1743555988868 1.0497514009475708 10
1743555988879 0.9747939109802246 11
1743555988889 0.982333779335022 12
1743555988899 0.8889120221138 13
1743555988910 0.8803519010543823 14
1743555988920 0.8085089325904846 15
1743555988932 0.8137305974960327 16
1743555988942 0.8351621627807617 17
1743555988952 0.7408906817436218 18
1743555988963 0.6525024771690369 19
1743555988973 0.7607073783874512 20
1743555988984 0.6946316957473755 21
1743555988995 0.67805415391922 22
1743555989005 0.5976061820983887 23
1743555989014 0.6229990124702454 24
1743555989024 0.5781140923500061 25
1743555989035 0.5991044044494629 26
1743555989045 0.5115338563919067 27
1743555989055 0.44680964946746826 28
1743555989065 0.4596385359764099 29
1743555989075 0.48862361907958984 30
1743555989085 0.380710631608963 31
1743555989095 0.4028517007827759 32
1743555989105 0.4408682882785797 33
1743555989116 0.30991044640541077 34
1743555989126 0.3048326373100281 35
1743555989136 0.34754395484924316 36
1743555989147 0.238930344581604 37
1743555989157 0.3724314868450165 38
1743555989167 0.2815936803817749 39
1743555989176 0.20262330770492554 40
1743555989187 0.19744256138801575 41
1743555989197 0.23491820693016052 42
1743555989207 0.16395872831344604 43
1743555989217 0.13129492104053497 44
1743555989227 0.13232767581939697 45
1743555989237 0.16616764664649963 46
1743555989248 0.13845837116241455 47
1743555989257 0.08923687040805817 48
1743555989267 0.10206945240497589 49
