1743555988759 37.5 0
1743555988773 75.0 1
1743555988786 75.0 2
1743555988797 62.5 3
1743555988808 62.5 4
1743555988818 62.5 5
1743555988828 62.5 6
1743555988838 62.5 7
1743555988849 62.5 8
1743555988859 62.5 9
1743555988870 62.5 10
1743555988880 62.5 11
1743555988890 62.5 12
1743555988901 62.5 13
1743555988911 62.5 14
1743555988921 62.5 15
1743555988934 62.5 16
1743555988944 62.5 17
1743555988954 62.5 18
1743555988965 62.5 19
1743555988975 62.5 20
1743555988985 62.5 21
1743555988996 62.5 22
1743555989006 62.5 23
1743555989016 62.5 24
1743555989026 62.5 25
1743555989036 62.5 26
1743555989046 62.5 27
1743555989056 75.0 28
1743555989067 75.0 29
1743555989077 62.5 30
1743555989087 87.5 31
1743555989097 75.0 32
1743555989107 87.5 33
1743555989117 87.5 34
1743555989128 87.5 35
1743555989138 87.5 36
1743555989148 100.0 37
1743555989158 87.5 38
1743555989168 100.0 39
1743555989178 100.0 40
1743555989188 100.0 41
1743555989198 100.0 42
1743555989208 100.0 43
1743555989219 100.0 44
1743555989228 100.0 45
1743555989238 100.0 46
1743555989249 100.0 47
1743555989259 100.0 48
1743555989269 100.0 49
