1743556003031 0.0 0
1743556003042 0.0 1
1743556003051 0.0 2
1743556003059 0.0 3
1743556003068 0.0 4
1743556003077 0.0 5
1743556003085 0.0 6
1743556003095 0.0 7
1743556003104 0.0 8
1743556003113 0.0 9
1743556003121 0.0 10
1743556003130 0.0 11
1743556003139 0.0 12
1743556003148 0.0 13
1743556003156 0.0 14
1743556003166 0.0 15
1743556003174 0.0 16
1743556003183 0.0 17
1743556003192 0.0 18
1743556003201 0.0 19
1743556003209 0.0 20
1743556003218 0.0 21
1743556003228 0.0 22
1743556003236 0.0 23
1743556003245 0.0 24
1743556003255 0.0 25
1743556003264 0.0 26
1743556003272 0.0 27
1743556003282 0.0 28
1743556003291 0.0 29
1743556003300 0.0 30
1743556003308 0.0 31
1743556003317 0.0 32
1743556003325 0.0 33
1743556003334 0.0 34
1743556003342 0.0 35
1743556003351 0.0 36
1743556003360 0.0 37
1743556003368 0.0 38
1743556003376 0.0 39
1743556003385 0.0 40
1743556003393 0.0 41
1743556003401 0.0 42
1743556003410 0.0 43
1743556003418 0.0 44
1743556003427 0.0 45
1743556003435 0.0 46
1743556003444 0.0 47
1743556003452 0.0 48
1743556003460 0.0 49
