1743556003033 100.0 0
1743556003043 100.0 1
1743556003052 100.0 2
1743556003061 100.0 3
1743556003070 100.0 4
1743556003078 100.0 5
1743556003087 100.0 6
1743556003096 100.0 7
1743556003105 100.0 8
1743556003114 100.0 9
1743556003123 100.0 10
1743556003132 100.0 11
1743556003140 100.0 12
1743556003149 100.0 13
1743556003158 100.0 14
1743556003167 100.0 15
1743556003176 100.0 16
1743556003184 100.0 17
1743556003193 100.0 18
1743556003202 100.0 19
1743556003211 100.0 20
1743556003220 100.0 21
1743556003229 100.0 22
1743556003238 100.0 23
1743556003247 100.0 24
1743556003256 100.0 25
1743556003265 100.0 26
1743556003274 100.0 27
1743556003283 100.0 28
1743556003292 100.0 29
1743556003301 100.0 30
1743556003310 100.0 31
1743556003318 100.0 32
1743556003327 100.0 33
1743556003335 100.0 34
1743556003343 100.0 35
1743556003352 100.0 36
1743556003361 100.0 37
1743556003370 100.0 38
1743556003378 100.0 39
1743556003386 100.0 40
1743556003394 100.0 41
1743556003403 100.0 42
1743556003411 100.0 43
1743556003420 100.0 44
1743556003428 100.0 45
1743556003436 100.0 46
1743556003445 100.0 47
1743556003454 100.0 48
1743556003462 100.0 49
