1744077802679 100.0 0
1744077802773 100.0 1
1744077802864 100.0 2
1744077802952 100.0 3
1744077803052 100.0 4
1744077803146 100.0 5
1744077803231 100.0 6
1744077803319 100.0 7
1744077803406 100.0 8
1744077803491 100.0 9
1744077803577 100.0 10
1744077803664 100.0 11
1744077803750 100.0 12
1744077803838 100.0 13
1744077803931 100.0 14
1744077804021 100.0 15
1744077804111 100.0 16
1744077804201 100.0 17
1744077804290 100.0 18
1744077804380 100.0 19
1744077804470 100.0 20
1744077804562 100.0 21
1744077804657 100.0 22
1744077804743 100.0 23
1744077804834 100.0 24
1744077804924 100.0 25
1744077805015 100.0 26
1744077805105 100.0 27
1744077805195 100.0 28
1744077805284 100.0 29
1744077805373 100.0 30
1744077805466 100.0 31
1744077805557 100.0 32
1744077805647 100.0 33
1744077805740 100.0 34
1744077805829 100.0 35
1744077805920 100.0 36
1744077806009 100.0 37
1744077806097 100.0 38
1744077806188 100.0 39
1744077806276 100.0 40
1744077806367 100.0 41
1744077806460 100.0 42
1744077806551 100.0 43
1744077806641 100.0 44
1744077806733 100.0 45
1744077806820 100.0 46
1744077806909 100.0 47
1744077806999 100.0 48
1744077807088 100.0 49
