1744077802677 0.0 0
1744077802771 0.0 1
1744077802863 0.0 2
1744077802950 0.0 3
1744077803051 0.0 4
1744077803144 0.0 5
1744077803229 0.0 6
1744077803317 0.0 7
1744077803404 0.0 8
1744077803490 0.0 9
1744077803576 0.0 10
1744077803662 0.0 11
1744077803748 0.0 12
1744077803836 0.0 13
1744077803929 0.0 14
1744077804020 0.0 15
1744077804109 0.0 16
1744077804199 0.0 17
1744077804288 0.0 18
1744077804378 0.0 19
1744077804468 0.0 20
1744077804560 0.0 21
1744077804655 0.0 22
1744077804741 0.0 23
1744077804832 0.0 24
1744077804922 0.0 25
1744077805014 0.0 26
1744077805103 0.0 27
1744077805193 0.0 28
1744077805283 0.0 29
1744077805372 0.0 30
1744077805464 0.0 31
1744077805555 0.0 32
1744077805646 0.0 33
1744077805739 0.0 34
1744077805827 0.0 35
1744077805918 0.0 36
1744077806007 0.0 37
1744077806096 0.0 38
1744077806186 0.0 39
1744077806274 0.0 40
1744077806366 0.0 41
1744077806459 0.0 42
1744077806549 0.0 43
1744077806639 0.0 44
1744077806731 0.0 45
1744077806818 0.0 46
1744077806907 0.0 47
1744077806997 0.0 48
1744077807086 0.0 49
