1744077783222 100.0 0
1744077783311 100.0 1
1744077783402 100.0 2
1744077783488 100.0 3
1744077783575 100.0 4
1744077783662 100.0 5
1744077783749 100.0 6
1744077783834 100.0 7
1744077783921 100.0 8
1744077784011 100.0 9
1744077784096 100.0 10
1744077784180 100.0 11
1744077784268 100.0 12
1744077784355 100.0 13
1744077784442 100.0 14
1744077784528 100.0 15
1744077784615 100.0 16
1744077784701 100.0 17
1744077784787 100.0 18
1744077784880 100.0 19
1744077784972 100.0 20
1744077785066 100.0 21
1744077785154 100.0 22
1744077785243 100.0 23
1744077785329 100.0 24
1744077785422 100.0 25
1744077785514 100.0 26
1744077785606 100.0 27
1744077785694 100.0 28
1744077785787 100.0 29
1744077785874 100.0 30
1744077785964 100.0 31
1744077786057 100.0 32
1744077786151 100.0 33
1744077786239 100.0 34
1744077786330 100.0 35
1744077786419 100.0 36
1744077786509 100.0 37
1744077786601 100.0 38
1744077786695 100.0 39
1744077786805 100.0 40
1744077786910 100.0 41
1744077787005 100.0 42
1744077787099 100.0 43
1744077787193 100.0 44
1744077787280 100.0 45
1744077787367 100.0 46
1744077787456 100.0 47
1744077787542 100.0 48
1744077787632 100.0 49
