1744077783220 0.0 0
1744077783309 0.0 1
1744077783401 0.0 2
1744077783487 0.0 3
1744077783573 0.0 4
1744077783660 0.0 5
1744077783747 0.0 6
1744077783832 0.0 7
1744077783919 0.0 8
1744077784009 0.0 9
1744077784094 0.0 10
1744077784179 0.0 11
1744077784266 0.0 12
1744077784353 0.0 13
1744077784440 0.0 14
1744077784526 0.0 15
1744077784613 0.0 16
1744077784699 0.0 17
1744077784785 0.0 18
1744077784878 0.0 19
1744077784970 0.0 20
1744077785064 0.0 21
1744077785152 0.0 22
1744077785241 0.0 23
1744077785327 0.0 24
1744077785420 0.0 25
1744077785513 0.0 26
1744077785604 0.0 27
1744077785692 0.0 28
1744077785785 0.0 29
1744077785872 0.0 30
1744077785962 0.0 31
1744077786055 0.0 32
1744077786149 0.0 33
1744077786238 0.0 34
1744077786328 0.0 35
1744077786417 0.0 36
1744077786507 0.0 37
1744077786599 0.0 38
1744077786693 0.0 39
1744077786803 0.0 40
1744077786908 0.0 41
1744077787004 0.0 42
1744077787097 0.0 43
1744077787191 0.0 44
1744077787278 0.0 45
1744077787365 0.0 46
1744077787454 0.0 47
1744077787540 0.0 48
1744077787630 0.0 49
