1744077758680 37.960339943342774 0
1744077758777 44.00377714825307 1
1744077758870 61.00094428706327 2
1744077758961 67.70538243626062 3
1744077759051 73.65439093484419 4
1744077759138 76.58168083097262 5
1744077759223 78.28139754485363 6
1744077759311 80.45325779036827 7
1744077759401 84.89140698772427 8
1744077759487 85.64683663833806 9
1744077759573 86.02455146364495 10
1744077759658 86.21340887629839 11
1744077759743 88.29084041548631 12
1744077759827 87.8186968838527 13
1744077759911 90.74598677998111 14
1744077759994 90.2738432483475 15
1744077760078 91.5014164305949 16
1744077760162 91.78470254957507 17
1744077760246 93.20113314447592 18
1744077760330 93.20113314447592 19
1744077760414 92.7289896128423 20
1744077760498 93.1067044381492 21
1744077760581 92.35127478753542 22
1744077760664 93.76770538243626 23
1744077760748 94.05099150141643 24
1744077760831 94.14542020774316 25
1744077760914 93.48441926345609 26
1744077760997 94.80642115203021 27
1744077761080 94.90084985835693 28
1744077761165 95.561850802644 29
1744077761248 95.1841359773371 30
1744077761331 94.52313503305005 31
1744077761416 95.37299338999055 32
1744077761499 95.46742209631728 33
1744077761583 95.75070821529745 34
1744077761668 96.03399433427762 35
1744077761753 95.65627950897073 36
1744077761837 96.78942398489141 37
1744077761921 96.50613786591124 38
1744077762006 97.1671388101983 39
1744077762090 98.01699716713881 40
1744077762174 96.41170915958452 41
1744077762258 97.1671388101983 42
1744077762342 95.9395656279509 43
1744077762427 97.92256846081209 44
1744077762510 96.88385269121812 45
1744077762593 96.78942398489141 46
1744077762677 97.1671388101983 47
1744077762761 97.1671388101983 48
1744077762847 97.63928234183192 49
