1744077758678 1.7918877882115982 0
1744077758775 1.4483229552998262 1
1744077758868 1.1816297962385065 2
1744077758959 0.9255867214763865 3
1744077759049 0.7838940415531397 4
1744077759136 0.7123646613429574 5
1744077759222 0.6847243782351998 6
1744077759309 0.5786261707544327 7
1744077759399 0.47992752185639215 8
1744077759485 0.44871791802784977 9
1744077759571 0.41616694848327074 10
1744077759656 0.41021886248798933 11
1744077759741 0.3818095812902731 12
1744077759825 0.37405382776085067 13
1744077759909 0.31329536109286193 14
1744077759993 0.31059022149180665 15
1744077760076 0.28005214605261297 16
1744077760160 0.25358617590630755 17
1744077760244 0.2300079646794235 18
1744077760328 0.21616843885139508 19
1744077760411 0.23238162542967236 20
1744077760497 0.2545970715582371 21
1744077760580 0.2293500229716301 22
1744077760662 0.20641249133383527 23
1744077760746 0.19763045078691313 24
1744077760829 0.19663721679107232 25
1744077760912 0.17606061812051954 26
1744077760995 0.1551730628399288 27
1744077761078 0.1594434334513019 28
1744077761163 0.14107781100799055 29
1744077761246 0.14308707448927796 30
1744077761329 0.1343114663134603 31
1744077761414 0.13051694291917718 32
1744077761497 0.12742142757291303 33
1744077761581 0.1427831785591105 34
1744077761666 0.11921154959675144 35
1744077761750 0.11202406609321341 36
1744077761835 0.09590619955869283 37
1744077761919 0.1054774274063461 38
1744077762004 0.08502939540673704 39
1744077762088 0.06620678938377429 40
1744077762173 0.12499805624761126 41
1744077762256 0.09120469261025017 42
1744077762341 0.10437201037455131 43
1744077762425 0.08403647658141221 44
1744077762509 0.08759635970551137 45
1744077762591 0.09614060318905532 46
1744077762675 0.0812808436971596 47
1744077762760 0.07991762525018524 48
1744077762845 0.07665329181969248 49
