1743555997750 0.0 0
1743555997762 0.0 1
1743555997771 0.0 2
1743555997780 0.0 3
1743555997789 0.0 4
1743555997798 0.0 5
1743555997807 0.0 6
1743555997819 0.0 7
1743555997828 0.0 8
1743555997837 0.0 9
1743555997847 0.0 10
1743555997856 0.0 11
1743555997867 0.0 12
1743555997877 0.0 13
1743555997887 0.0 14
1743555997896 0.0 15
1743555997905 0.0 16
1743555997914 0.0 17
1743555997922 0.0 18
1743555997931 0.0 19
1743555997940 0.0 20
1743555997949 0.0 21
1743555997958 0.0 22
1743555997967 0.0 23
1743555997976 0.0 24
1743555997985 0.0 25
1743555997994 0.0 26
1743555998003 0.0 27
1743555998012 0.0 28
1743555998021 0.0 29
1743555998031 0.0 30
1743555998040 0.0 31
1743555998049 0.0 32
1743555998057 0.0 33
1743555998065 0.0 34
1743555998074 0.0 35
1743555998082 0.0 36
1743555998090 0.0 37
1743555998099 0.0 38
1743555998107 0.0 39
1743555998115 0.0 40
1743555998123 0.0 41
1743555998131 0.0 42
1743555998140 0.0 43
1743555998148 0.0 44
1743555998157 0.0 45
1743555998165 0.0 46
1743555998173 0.0 47
1743555998182 0.0 48
1743555998190 0.0 49
