1743555997751 100.0 0
1743555997763 100.0 1
1743555997772 100.0 2
1743555997781 100.0 3
1743555997790 100.0 4
1743555997800 100.0 5
1743555997810 100.0 6
1743555997820 100.0 7
1743555997829 100.0 8
1743555997839 100.0 9
1743555997848 100.0 10
1743555997858 100.0 11
1743555997868 100.0 12
1743555997879 100.0 13
1743555997888 100.0 14
1743555997897 100.0 15
1743555997906 100.0 16
1743555997915 100.0 17
1743555997924 100.0 18
1743555997932 100.0 19
1743555997942 100.0 20
1743555997951 100.0 21
1743555997959 100.0 22
1743555997968 100.0 23
1743555997978 100.0 24
1743555997986 100.0 25
1743555997996 100.0 26
1743555998005 100.0 27
1743555998014 100.0 28
1743555998022 100.0 29
1743555998032 100.0 30
1743555998041 100.0 31
1743555998050 100.0 32
1743555998058 100.0 33
1743555998067 100.0 34
1743555998075 100.0 35
1743555998083 100.0 36
1743555998091 100.0 37
1743555998100 100.0 38
1743555998108 100.0 39
1743555998116 100.0 40
1743555998124 100.0 41
1743555998133 100.0 42
1743555998141 100.0 43
1743555998149 100.0 44
1743555998158 100.0 45
1743555998166 100.0 46
1743555998175 100.0 47
1743555998183 100.0 48
1743555998192 100.0 49
