1744077792917 0.0 0
1744077793013 0.0 1
1744077793102 0.0 2
1744077793190 0.0 3
1744077793276 0.0 4
1744077793363 0.0 5
1744077793451 0.0 6
1744077793536 0.0 7
1744077793626 0.0 8
1744077793716 0.0 9
1744077793802 0.0 10
1744077793889 0.0 11
1744077793975 0.0 12
1744077794061 0.0 13
1744077794154 0.0 14
1744077794247 0.0 15
1744077794339 0.0 16
1744077794431 0.0 17
1744077794520 0.0 18
1744077794605 0.0 19
1744077794692 0.0 20
1744077794779 0.0 21
1744077794866 0.0 22
1744077794952 0.0 23
1744077795039 0.0 24
1744077795126 0.0 25
1744077795220 0.0 26
1744077795311 0.0 27
1744077795404 0.0 28
1744077795497 0.0 29
1744077795587 0.0 30
1744077795675 0.0 31
1744077795767 0.0 32
1744077795858 0.0 33
1744077795949 0.0 34
1744077796042 0.0 35
1744077796132 0.0 36
1744077796223 0.0 37
1744077796314 0.0 38
1744077796409 0.0 39
1744077796504 0.0 40
1744077796597 0.0 41
1744077796684 0.0 42
1744077796776 0.0 43
1744077796867 0.0 44
1744077796954 0.0 45
1744077797038 0.0 46
1744077797130 0.0 47
1744077797219 0.0 48
1744077797312 0.0 49
