1744077792920 100.0 0
1744077793015 100.0 1
1744077793104 100.0 2
1744077793192 100.0 3
1744077793278 100.0 4
1744077793364 100.0 5
1744077793453 100.0 6
1744077793538 100.0 7
1744077793628 100.0 8
1744077793718 100.0 9
1744077793804 100.0 10
1744077793891 100.0 11
1744077793977 100.0 12
1744077794062 100.0 13
1744077794156 100.0 14
1744077794249 100.0 15
1744077794341 100.0 16
1744077794433 100.0 17
1744077794522 100.0 18
1744077794607 100.0 19
1744077794694 100.0 20
1744077794781 100.0 21
1744077794867 100.0 22
1744077794954 100.0 23
1744077795041 100.0 24
1744077795128 100.0 25
1744077795222 100.0 26
1744077795313 100.0 27
1744077795406 100.0 28
1744077795498 100.0 29
1744077795589 100.0 30
1744077795677 100.0 31
1744077795769 100.0 32
1744077795860 100.0 33
1744077795951 100.0 34
1744077796044 100.0 35
1744077796134 100.0 36
1744077796225 100.0 37
1744077796315 100.0 38
1744077796411 100.0 39
1744077796506 100.0 40
1744077796598 100.0 41
1744077796685 100.0 42
1744077796777 100.0 43
1744077796869 100.0 44
1744077796956 100.0 45
1744077797040 100.0 46
1744077797131 100.0 47
1744077797221 100.0 48
1744077797313 100.0 49
