1743556008229 0.0 0
1743556008241 0.0 1
1743556008251 0.0 2
1743556008260 0.0 3
1743556008268 0.0 4
1743556008278 0.0 5
1743556008287 0.0 6
1743556008296 0.0 7
1743556008305 0.0 8
1743556008313 0.0 9
1743556008322 0.0 10
1743556008330 0.0 11
1743556008340 0.0 12
1743556008348 0.0 13
1743556008357 0.0 14
1743556008367 0.0 15
1743556008376 0.0 16
1743556008385 0.0 17
1743556008393 0.0 18
1743556008402 0.0 19
1743556008411 0.0 20
1743556008420 0.0 21
1743556008429 0.0 22
1743556008438 0.0 23
1743556008447 0.0 24
1743556008455 0.0 25
1743556008466 0.0 26
1743556008475 0.0 27
1743556008484 0.0 28
1743556008493 0.0 29
1743556008502 0.0 30
1743556008511 0.0 31
1743556008520 0.0 32
1743556008528 0.0 33
1743556008537 0.0 34
1743556008545 0.0 35
1743556008553 0.0 36
1743556008562 0.0 37
1743556008570 0.0 38
1743556008578 0.0 39
1743556008586 0.0 40
1743556008595 0.0 41
1743556008603 0.0 42
1743556008612 0.0 43
1743556008620 0.0 44
1743556008629 0.0 45
1743556008639 0.0 46
1743556008648 0.0 47
1743556008657 0.0 48
1743556008665 0.0 49
