1743556008231 100.0 0
1743556008243 100.0 1
1743556008252 100.0 2
1743556008261 100.0 3
1743556008270 100.0 4
1743556008279 100.0 5
1743556008288 100.0 6
1743556008297 100.0 7
1743556008306 100.0 8
1743556008315 100.0 9
1743556008323 100.0 10
1743556008332 100.0 11
1743556008341 100.0 12
1743556008350 100.0 13
1743556008359 100.0 14
1743556008368 100.0 15
1743556008377 100.0 16
1743556008386 100.0 17
1743556008394 100.0 18
1743556008404 100.0 19
1743556008413 100.0 20
1743556008422 100.0 21
1743556008430 100.0 22
1743556008439 100.0 23
1743556008448 100.0 24
1743556008457 100.0 25
1743556008467 100.0 26
1743556008476 100.0 27
1743556008485 100.0 28
1743556008494 100.0 29
1743556008503 100.0 30
1743556008513 100.0 31
1743556008521 100.0 32
1743556008530 100.0 33
1743556008538 100.0 34
1743556008546 100.0 35
1743556008554 100.0 36
1743556008563 100.0 37
1743556008571 100.0 38
1743556008579 100.0 39
1743556008588 100.0 40
1743556008596 100.0 41
1743556008605 100.0 42
1743556008613 100.0 43
1743556008622 100.0 44
1743556008630 100.0 45
1743556008640 100.0 46
1743556008649 100.0 47
1743556008658 100.0 48
1743556008666 100.0 49
